# unix_time, cycles_done, cur_path, paths_total, pending_total, pending_favs, map_size, unique_crashes, unique_hangs, max_depth, execs_per_sec
1581448454, 0, 2, 411, 411, 93, 5.81%, 0, 0, 2, 16.70
1581448459, 0, 5, 424, 424, 93, 5.91%, 0, 0, 2, 105.24
1581448464, 0, 5, 429, 429, 93, 5.92%, 0, 0, 2, 105.56
1581448469, 0, 5, 441, 441, 93, 5.94%, 0, 0, 2, 82.41
1581448475, 0, 5, 451, 451, 93, 5.94%, 0, 0, 2, 71.75
1581448480, 0, 5, 454, 454, 93, 5.94%, 0, 0, 2, 60.85
1581448485, 0, 5, 458, 458, 93, 5.99%, 0, 0, 2, 58.45
1581448490, 0, 5, 460, 460, 93, 6.00%, 0, 0, 2, 101.21
1581448500, 0, 5, 461, 461, 93, 6.00%, 0, 0, 2, 71.35
1581448505, 0, 5, 462, 462, 93, 6.00%, 0, 0, 2, 62.53
1581448510, 0, 5, 467, 467, 93, 6.00%, 0, 0, 2, 460.36
1581448515, 0, 5, 468, 468, 93, 6.00%, 0, 0, 2, 745.34
1581448525, 0, 5, 469, 469, 93, 6.00%, 0, 0, 2, 493.13
1581448657, 0, 5, 470, 470, 93, 6.00%, 0, 0, 2, 133.90
1581448687, 0, 5, 472, 472, 93, 6.00%, 0, 0, 2, 80.23
1581448713, 0, 5, 473, 473, 93, 6.00%, 0, 0, 2, 62.37
1581448824, 0, 5, 474, 474, 93, 6.00%, 0, 0, 2, 63.60
1581448865, 0, 5, 475, 475, 93, 6.01%, 0, 0, 2, 162.22
1581448870, 0, 5, 476, 476, 93, 6.01%, 0, 0, 2, 127.15
1581448946, 0, 5, 477, 477, 93, 6.01%, 0, 0, 2, 55.33
1581448951, 0, 5, 479, 479, 93, 6.02%, 0, 0, 2, 124.26
1581448957, 0, 6, 479, 478, 117, 6.02%, 0, 0, 2, 126.00
1581448962, 0, 6, 483, 482, 117, 6.03%, 0, 0, 2, 93.64
1581448967, 0, 6, 493, 492, 117, 6.03%, 0, 0, 2, 88.38
1581448972, 0, 6, 513, 512, 117, 6.03%, 0, 0, 2, 69.84
1581448977, 0, 6, 522, 521, 117, 6.03%, 0, 0, 2, 63.27
1581448982, 0, 6, 533, 532, 117, 6.03%, 0, 0, 2, 57.53
1581448987, 0, 6, 541, 540, 117, 6.03%, 0, 0, 2, 53.57
1581448992, 0, 6, 542, 541, 117, 6.03%, 0, 0, 2, 47.87
1581449007, 0, 6, 543, 542, 117, 6.03%, 0, 0, 2, 75.31
1581449043, 0, 6, 545, 544, 117, 6.03%, 0, 0, 2, 61.71
1581449099, 0, 6, 547, 546, 117, 6.03%, 0, 0, 2, 106.75
1581449119, 0, 6, 549, 548, 117, 6.03%, 0, 0, 2, 92.29
1581449124, 0, 6, 550, 549, 117, 6.03%, 0, 0, 2, 81.81
1581449129, 0, 6, 552, 551, 117, 6.03%, 0, 0, 2, 79.20
1581449145, 0, 6, 554, 553, 117, 6.03%, 0, 0, 2, 70.44
1581449150, 0, 6, 555, 554, 117, 6.03%, 0, 0, 2, 70.81
1581449185, 0, 6, 556, 555, 117, 6.03%, 0, 0, 2, 55.10
1581449262, 0, 6, 557, 556, 117, 6.03%, 0, 0, 2, 140.07
1581449292, 0, 6, 558, 557, 117, 6.03%, 0, 0, 2, 53.41
1581449308, 0, 6, 559, 558, 117, 6.03%, 0, 0, 2, 113.11
